0.21 0.33 0.0 0.0 0.0 0.0 0.0 0.0 0.0 0.0 0.0 0.0 0.0 0.0 0.0 0.0 0.0 0.0 0.0 0.0 0.0 0.0 0.0 0.0 0.0 0.0 0.0 0.0 0.19 0.29 0.24 0.29 0.15 0.29 0.26 0.32
0.22 0.33 0.0 0.0 0.0 0.0 0.0 0.0 0.0 0.0 0.0 0.0 0.0 0.0 0.0 0.0 0.0 0.0 0.0 0.0 0.0 0.0 0.0 0.0 0.0 0.0 0.0 0.0 0.19 0.29 0.24 0.29 0.15 0.31 0.26 0.32
0.21 0.32 0.0 0.0 0.0 0.0 0.0 0.0 0.0 0.0 0.0 0.0 0.0 0.0 0.0 0.0 0.0 0.0 0.0 0.0 0.0 0.0 0.0 0.0 0.0 0.0 0.0 0.0 0.18 0.29 0.24 0.29 0.15 0.31 0.27 0.32
0.2 0.32 0.0 0.0 0.0 0.0 0.0 0.0 0.0 0.0 0.0 0.0 0.0 0.0 0.0 0.0 0.0 0.0 0.0 0.0 0.0 0.0 0.0 0.0 0.0 0.0 0.0 0.0 0.18 0.29 0.23 0.29 0.14 0.29 0.26 0.32
0.0 0.0 0.16 0.12 0.17 0.12 0.0 0.0 0.0 0.0 0.15 0.12 0.0 0.0 0.0 0.0 0.16 0.2 0.0 0.0 0.0 0.0 0.15 0.19 0.0 0.0 0.0 0.0 0.0 0.0 0.0 0.0 0.17 0.09 0.15 0.09 0.22 0.28 0.0 0.0 0.0 0.0 0.0 0.0 0.0 0.0 0.0 0.0 0.0 0.0 0.0 0.0 0.0 0.0 0.0 0.0 0.0 0.0 0.0 0.0 0.0 0.0 0.0 0.0 0.19 0.25 0.24 0.26 0.15 0.26 0.26 0.29
0.22 0.29 0.0 0.0 0.0 0.0 0.0 0.0 0.0 0.0 0.0 0.0 0.0 0.0 0.0 0.0 0.0 0.0 0.0 0.0 0.0 0.0 0.0 0.0 0.0 0.0 0.0 0.0 0.19 0.26 0.24 0.26 0.15 0.28 0.26 0.31
0.21 0.29 0.0 0.0 0.0 0.0 0.0 0.0 0.0 0.0 0.0 0.0 0.0 0.0 0.0 0.0 0.0 0.0 0.0 0.0 0.0 0.0 0.0 0.0 0.0 0.0 0.0 0.0 0.19 0.26 0.23 0.26 0.15 0.28 0.26 0.29
0.21 0.29 0.0 0.0 0.0 0.0 0.0 0.0 0.0 0.0 0.0 0.0 0.0 0.0 0.0 0.0 0.0 0.0 0.0 0.0 0.0 0.0 0.0 0.0 0.0 0.0 0.0 0.0 0.19 0.26 0.23 0.26 0.15 0.28 0.26 0.29

0.21 0.29 0.0 0.0 0.0 0.0 0.0 0.0 0.0 0.0 0.0 0.0 0.0 0.0 0.0 0.0 0.0 0.0 0.0 0.0 0.0 0.0 0.0 0.0 0.0 0.0 0.0 0.0 0.18 0.25 0.23 0.26 0.15 0.26 0.26 0.29
0.21 0.26 0.0 0.0 0.0 0.0 0.0 0.0 0.0 0.0 0.0 0.0 0.0 0.0 0.0 0.0 0.0 0.0 0.0 0.0 0.0 0.0 0.0 0.0 0.0 0.0 0.0 0.0 0.2 0.23 0.24 0.23 0.15 0.25 0.26 0.28
0.23 0.25 0.0 0.0 0.0 0.0 0.0 0.0 0.0 0.0 0.31 0.35 0.0 0.0 0.0 0.0 0.0 0.0 0.0 0.0 0.0 0.0 0.0 0.0 0.0 0.0 0.0 0.0 0.21 0.22 0.25 0.22 0.17 0.23 0.28 0.28
0.24 0.28 0.0 0.0 0.0 0.0 0.0 0.0 0.0 0.0 0.0 0.0 0.0 0.0 0.0 0.0 0.0 0.0 0.0 0.0 0.0 0.0 0.0 0.0 0.0 0.0 0.0 0.0 0.23 0.25 0.26 0.25 0.2 0.26 0.3 0.29
0.25 0.31 0.0 0.0 0.0 0.0 0.0 0.0 0.0 0.0 0.0 0.0 0.0 0.0 0.0 0.0 0.0 0.0 0.0 0.0 0.0 0.0 0.0 0.0 0.0 0.0 0.0 0.0 0.23 0.28 0.27 0.29 0.2 0.29 0.3 0.32
0.24 0.29 0.0 0.0 0.0 0.0 0.0 0.0 0.0 0.0 0.34 0.46 0.0 0.0 0.0 0.0 0.0 0.0 0.0 0.0 0.0 0.0 0.0 0.0 0.0 0.0 0.0 0.0 0.23 0.26 0.26 0.26 0.19 0.26 0.29 0.31
0.27 0.28 0.0 0.0 0.0 0.0 0.0 0.0 0.0 0.0 0.0 0.0 0.0 0.0 0.0 0.0 0.0 0.0 0.0 0.0 0.0 0.0 0.0 0.0 0.0 0.0 0.0 0.0 0.26 0.25 0.29 0.26 0.21 0.25 0.32 0.29

0.29 0.25 0.0 0.0 0.0 0.0 0.0 0.0 0.0 0.0 0.35 0.49 0.0 0.0 0.0 0.0 0.0 0.0 0.0 0.0 0.0 0.0 0.0 0.0 0.0 0.0 0.0 0.0 0.27 0.2 0.31 0.22 0.24 0.22 0.34 0.28
0.32 0.23 0.0 0.0 0.0 0.0 0.0 0.0 0.0 0.0 0.0 0.0 0.0 0.0 0.0 0.0 0.0 0.0 0.0 0.0 0.0 0.0 0.0 0.0 0.0 0.0 0.0 0.0 0.3 0.19 0.34 0.22 0.26 0.2 0.36 0.25



0.32 0.25 0.0 0.0 0.19 0.29 0.09 0.49 0.25 0.38 0.0 0.0 0.0 0.0 0.0 0.0 0.0 0.0 0.0 0.0 0.0 0.0 0.0 0.0 0.0 0.0 0.0 0.0 0.31 0.19 0.35 0.22 0.27 0.2 0.39 0.25
0.29 0.17 0.0 0.0 0.0 0.0 0.0 0.0 0.0 0.0 0.36 0.44 0.0 0.0 0.0 0.0 0.0 0.0 0.0 0.0 0.0 0.0 0.0 0.0 0.0 0.0 0.0 0.0 0.28 0.15 0.32 0.15 0.25 0.16 0.35 0.19
0.27 0.12 0.0 0.0 0.0 0.0 0.0 0.0 0.0 0.0 0.34 0.35 0.37 0.52 0.0 0.0 0.0 0.0 0.0 0.0 0.0 0.0 0.0 0.0 0.0 0.0 0.0 0.0 0.25 0.09 0.29 0.1 0.23 0.12 0.32 0.13
0.25 0.13 0.24 0.29 0.14 0.29 0.0 0.0 0.0 0.0 0.32 0.33 0.35 0.52 0.0 0.0 0.0 0.0 0.0 0.0 0.0 0.0 0.0 0.0 0.0 0.0 0.0 0.0 0.23 0.1 0.27 0.1 0.21 0.12 0.29 0.15
0.24 0.13 0.23 0.29 0.13 0.28 0.06 0.44 0.12 0.58 0.32 0.32 0.34 0.51 0.0 0.0 0.0 0.0 0.0 0.0 0.0 0.0 0.0 0.0 0.0 0.0 0.0 0.0 0.23 0.1 0.26 0.1 0.2 0.12 0.28 0.13
0.24 0.12 0.23 0.28 0.15 0.26 0.07 0.44 0.0 0.0 0.32 0.31 0.34 0.51 0.0 0.0 0.0 0.0 0.0 0.0 0.0 0.0 0.0 0.0 0.0 0.0 0.0 0.0 0.23 0.09 0.26 0.1 0.2 0.12 0.27 0.15
0.25 0.13 0.24 0.29 0.15 0.28 0.07 0.44 0.0 0.0 0.31 0.32 0.34 0.51 0.0 0.0 0.0 0.0 0.0 0.0 0.0 0.0 0.0 0.0 0.0 0.0 0.0 0.0 0.23 0.1 0.26 0.1 0.21 0.12 0.28 0.13
0.25 0.13 0.24 0.29 0.0 0.0 0.0 0.0 0.0 0.0 0.32 0.32 0.34 0.51 0.0 0.0 0.0 0.0 0.0 0.0 0.0 0.0 0.0 0.0 0.0 0.0 0.0 0.0 0.23 0.1 0.27 0.1 0.21 0.13 0.29 0.13
0.25 0.12 0.0 0.0 0.0 0.0 0.0 0.0 0.0 0.0 0.32 0.32 0.35 0.51 0.0 0.0 0.0 0.0 0.0 0.0 0.0 0.0 0.0 0.0 0.0 0.0 0.0 0.0 0.23 0.1 0.26 0.1 0.2 0.1 0.29 0.13
0.24 0.13 0.0 0.0 0.0 0.0 0.0 0.0 0.0 0.0 0.32 0.32 0.35 0.51 0.0 0.0 0.0 0.0 0.0 0.0 0.0 0.0 0.0 0.0 0.0 0.0 0.0 0.0 0.23 0.1 0.26 0.1 0.2 0.12 0.29 0.13
0.24 0.13 0.0 0.0 0.0 0.0 0.0 0.0 0.0 0.0 0.32 0.32 0.35 0.51 0.0 0.0 0.0 0.0 0.0 0.0 0.0 0.0 0.0 0.0 0.0 0.0 0.0 0.0 0.23 0.1 0.26 0.1 0.2 0.12 0.29 0.13
0.24 0.13 0.0 0.0 0.0 0.0 0.0 0.0 0.0 0.0 0.32 0.32 0.35 0.51 0.0 0.0 0.0 0.0 0.0 0.0 0.0 0.0 0.0 0.0 0.0 0.0 0.0 0.0 0.23 0.1 0.26 0.1 0.2 0.12 0.29 0.13
0.24 0.13 0.0 0.0 0.0 0.0 0.0 0.0 0.0 0.0 0.32 0.32 0.35 0.51 0.0 0.0 0.0 0.0 0.0 0.0 0.0 0.0 0.0 0.0 0.0 0.0 0.0 0.0 0.23 0.1 0.26 0.1 0.2 0.12 0.28 0.13
0.24 0.13 0.24 0.26 0.15 0.28 0.09 0.45 0.22 0.31 0.31 0.31 0.34 0.51 0.0 0.0 0.0 0.0 0.0 0.0 0.0 0.0 0.0 0.0 0.0 0.0 0.0 0.0 0.22 0.1 0.26 0.1 0.2 0.12 0.28 0.13
0.23 0.13 0.23 0.25 0.14 0.28 0.09 0.45 0.23 0.29 0.31 0.32 0.34 0.51 0.0 0.0 0.0 0.0 0.0 0.0 0.0 0.0 0.0 0.0 0.0 0.0 0.0 0.0 0.21 0.1 0.25 0.1 0.19 0.12 0.27 0.13
0.23 0.13 0.22 0.26 0.13 0.28 0.09 0.45 0.22 0.29 0.31 0.32 0.34 0.51 0.0 0.0 0.0 0.0 0.0 0.0 0.0 0.0 0.0 0.0 0.0 0.0 0.0 0.0 0.21 0.1 0.24 0.1 0.18 0.12 0.27 0.13
0.23 0.13 0.23 0.26 0.13 0.28 0.09 0.46 0.21 0.29 0.31 0.31 0.34 0.51 0.0 0.0 0.0 0.0 0.0 0.0 0.0 0.0 0.0 0.0 0.0 0.0 0.0 0.0 0.21 0.1 0.24 0.1 0.18 0.12 0.27 0.13
0.23 0.13 0.23 0.26 0.13 0.29 0.09 0.46 0.21 0.31 0.31 0.32 0.34 0.51 0.0 0.0 0.0 0.0 0.0 0.0 0.0 0.0 0.0 0.0 0.0 0.0 0.0 0.0 0.21 0.1 0.24 0.1 0.18 0.1 0.27 0.13
0.23 0.13 0.23 0.26 0.13 0.28 0.09 0.46 0.21 0.29 0.31 0.32 0.34 0.51 0.0 0.0 0.0 0.0 0.0 0.0 0.0 0.0 0.0 0.0 0.0 0.0 0.0 0.0 0.21 0.1 0.24 0.1 0.18 0.12 0.27 0.13
0.22 0.13 0.23 0.26 0.13 0.28 0.09 0.46 0.21 0.31 0.31 0.32 0.34 0.51 0.0 0.0 0.0 0.0 0.0 0.0 0.0 0.0 0.0 0.0 0.0 0.0 0.0 0.0 0.21 0.1 0.24 0.1 0.18 0.1 0.27 0.13
0.22 0.13 0.0 0.0 0.13 0.28 0.08 0.46 0.21 0.29 0.3 0.32 0.35 0.51 0.0 0.0 0.0 0.0 0.0 0.0 0.0 0.0 0.0 0.0 0.0 0.0 0.0 0.0 0.2 0.1 0.24 0.1 0.18 0.12 0.26 0.12
0.22 0.13 0.0 0.0 0.13 0.28 0.08 0.46 0.2 0.31 0.0 0.0 0.0 0.0 0.0 0.0 0.0 0.0 0.0 0.0 0.0 0.0 0.0 0.0 0.0 0.0 0.0 0.0 0.21 0.1 0.24 0.1 0.18 0.12 0.26 0.13
0.22 0.15 0.0 0.0 0.13 0.28 0.07 0.46 0.2 0.31 0.0 0.0 0.0 0.0 0.0 0.0 0.0 0.0 0.0 0.0 0.0 0.0 0.0 0.0 0.0 0.0 0.0 0.0 0.21 0.12 0.24 0.12 0.18 0.12 0.26 0.13
0.23 0.15 0.0 0.0 0.12 0.28 0.07 0.46 0.2 0.31 0.0 0.0 0.0 0.0 0.0 0.0 0.0 0.0 0.0 0.0 0.0 0.0 0.0 0.0 0.0 0.0 0.0 0.0 0.21 0.12 0.24 0.12 0.18 0.12 0.27 0.15
0.22 0.13 0.0 0.0 0.0 0.0 0.0 0.0 0.0 0.0 0.0 0.0 0.0 0.0 0.0 0.0 0.0 0.0 0.0 0.0 0.0 0.0 0.0 0.0 0.0 0.0 0.0 0.0 0.21 0.1 0.24 0.1 0.18 0.12 0.27 0.13
0.22 0.13 0.0 0.0 0.0 0.0 0.0 0.0 0.0 0.0 0.3 0.32 0.35 0.49 0.0 0.0 0.0 0.0 0.0 0.0 0.0 0.0 0.0 0.0 0.0 0.0 0.0 0.0 0.2 0.1 0.24 0.1 0.18 0.1 0.26 0.13
0.22 0.13 0.0 0.0 0.12 0.28 0.07 0.46 0.2 0.29 0.3 0.32 0.34 0.49 0.0 0.0 0.0 0.0 0.0 0.0 0.0 0.0 0.0 0.0 0.0 0.0 0.0 0.0 0.2 0.1 0.24 0.1 0.17 0.1 0.26 0.13
0.22 0.12 0.0 0.0 0.12 0.28 0.07 0.46 0.2 0.29 0.3 0.32 0.34 0.49 0.0 0.0 0.0 0.0 0.0 0.0 0.0 0.0 0.0 0.0 0.0 0.0 0.0 0.0 0.2 0.09 0.24 0.09 0.17 0.1 0.26 0.12
0.22 0.12 0.0 0.0 0.12 0.28 0.07 0.46 0.2 0.29 0.3 0.32 0.34 0.49 0.0 0.0 0.0 0.0 0.0 0.0 0.0 0.0 0.0 0.0 0.0 0.0 0.0 0.0 0.2 0.1 0.23 0.1 0.17 0.1 0.26 0.13
0.21 0.13 0.0 0.0 0.0 0.0 0.0 0.0 0.0 0.0 0.3 0.32 0.34 0.49 0.0 0.0 0.0 0.0 0.0 0.0 0.0 0.0 0.0 0.0 0.0 0.0 0.0 0.0 0.2 0.1 0.23 0.1 0.17 0.1 0.26 0.13
0.21 0.13 0.0 0.0 0.0 0.0 0.0 0.0 0.0 0.0 0.3 0.32 0.33 0.49 0.0 0.0 0.0 0.0 0.0 0.0 0.0 0.0 0.0 0.0 0.0 0.0 0.0 0.0 0.2 0.1 0.23 0.1 0.17 0.1 0.26 0.15
0.22 0.13 0.0 0.0 0.0 0.0 0.0 0.0 0.0 0.0 0.3 0.32 0.33 0.49 0.0 0.0 0.0 0.0 0.0 0.0 0.0 0.0 0.0 0.0 0.0 0.0 0.0 0.0 0.2 0.1 0.24 0.1 0.18 0.1 0.26 0.15
0.22 0.13 0.0 0.0 0.0 0.0 0.0 0.0 0.0 0.0 0.3 0.32 0.34 0.49 0.0 0.0 0.0 0.0 0.0 0.0 0.0 0.0 0.0 0.0 0.0 0.0 0.0 0.0 0.2 0.1 0.24 0.1 0.18 0.1 0.26 0.15
0.22 0.13 0.0 0.0 0.0 0.0 0.0 0.0 0.0 0.0 0.3 0.32 0.34 0.49 0.0 0.0 0.0 0.0 0.0 0.0 0.0 0.0 0.0 0.0 0.0 0.0 0.0 0.0 0.2 0.1 0.24 0.1 0.18 0.1 0.26 0.13
0.22 0.13 0.0 0.0 0.0 0.0 0.0 0.0 0.0 0.0 0.3 0.32 0.33 0.49 0.0 0.0 0.0 0.0 0.0 0.0 0.0 0.0 0.0 0.0 0.0 0.0 0.0 0.0 0.2 0.1 0.24 0.1 0.18 0.1 0.26 0.15
0.22 0.13 0.0 0.0 0.0 0.0 0.0 0.0 0.0 0.0 0.3 0.32 0.33 0.49 0.0 0.0 0.0 0.0 0.0 0.0 0.0 0.0 0.0 0.0 0.0 0.0 0.0 0.0 0.2 0.1 0.24 0.1 0.18 0.1 0.26 0.13
0.23 0.12 0.0 0.0 0.0 0.0 0.0 0.0 0.0 0.0 0.3 0.32 0.33 0.49 0.0 0.0 0.0 0.0 0.0 0.0 0.0 0.0 0.0 0.0 0.0 0.0 0.0 0.0 0.21 0.1 0.24 0.1 0.18 0.1 0.26 0.15
0.23 0.13 0.0 0.0 0.0 0.0 0.0 0.0 0.0 0.0 0.3 0.33 0.33 0.49 0.0 0.0 0.0 0.0 0.0 0.0 0.0 0.0 0.0 0.0 0.0 0.0 0.0 0.0 0.21 0.1 0.24 0.1 0.18 0.1 0.27 0.13
0.23 0.12 0.22 0.32 0.0 0.0 0.0 0.0 0.0 0.0 0.3 0.32 0.33 0.49 0.0 0.0 0.0 0.0 0.0 0.0 0.0 0.0 0.0 0.0 0.0 0.0 0.0 0.0 0.21 0.09 0.24 0.1 0.18 0.1 0.26 0.13
0.23 0.13 0.22 0.32 0.0 0.0 0.0 0.0 0.0 0.0 0.3 0.32 0.33 0.49 0.0 0.0 0.0 0.0 0.0 0.0 0.0 0.0 0.0 0.0 0.0 0.0 0.0 0.0 0.21 0.1 0.24 0.1 0.18 0.1 0.26 0.13
0.23 0.13 0.22 0.32 0.0 0.0 0.0 0.0 0.0 0.0 0.3 0.33 0.32 0.49 0.0 0.0 0.0 0.0 0.0 0.0 0.0 0.0 0.0 0.0 0.0 0.0 0.0 0.0 0.21 0.1 0.24 0.1 0.18 0.1 0.26 0.13
0.23 0.13 0.22 0.32 0.0 0.0 0.0 0.0 0.0 0.0 0.3 0.33 0.33 0.49 0.0 0.0 0.0 0.0 0.0 0.0 0.0 0.0 0.0 0.0 0.0 0.0 0.0 0.0 0.21 0.1 0.24 0.1 0.18 0.1 0.26 0.13
0.22 0.13 0.22 0.32 0.0 0.0 0.0 0.0 0.0 0.0 0.3 0.33 0.33 0.49 0.0 0.0 0.0 0.0 0.0 0.0 0.0 0.0 0.0 0.0 0.0 0.0 0.0 0.0 0.21 0.09 0.24 0.1 0.18 0.12 0.26 0.13
0.22 0.13 0.22 0.32 0.0 0.0 0.0 0.0 0.0 0.0 0.3 0.33 0.33 0.49 0.0 0.0 0.0 0.0 0.0 0.0 0.0 0.0 0.0 0.0 0.0 0.0 0.0 0.0 0.21 0.1 0.24 0.1 0.18 0.1 0.26 0.13
0.23 0.13 0.21 0.31 0.0 0.0 0.0 0.0 0.0 0.0 0.29 0.33 0.33 0.49 0.0 0.0 0.0 0.0 0.0 0.0 0.0 0.0 0.0 0.0 0.0 0.0 0.0 0.0 0.21 0.1 0.24 0.1 0.18 0.1 0.26 0.13
0.23 0.13 0.21 0.31 0.0 0.0 0.0 0.0 0.0 0.0 0.29 0.33 0.33 0.49 0.0 0.0 0.0 0.0 0.0 0.0 0.0 0.0 0.0 0.0 0.0 0.0 0.0 0.0 0.21 0.1 0.24 0.1 0.18 0.1 0.26 0.13
0.23 0.13 0.21 0.31 0.0 0.0 0.0 0.0 0.0 0.0 0.29 0.33 0.33 0.49 0.0 0.0 0.0 0.0 0.0 0.0 0.0 0.0 0.0 0.0 0.0 0.0 0.0 0.0 0.21 0.1 0.24 0.1 0.18 0.1 0.26 0.15
0.24 0.15 0.24 0.32 0.0 0.0 0.0 0.0 0.0 0.0 0.32 0.33 0.36 0.49 0.0 0.0 0.0 0.0 0.0 0.0 0.0 0.0 0.0 0.0 0.0 0.0 0.0 0.0 0.23 0.12 0.26 0.13 0.2 0.12 0.28 0.16
0.26 0.19 0.26 0.36 0.0 0.0 0.0 0.0 0.0 0.0 0.34 0.36 0.37 0.51 0.0 0.0 0.0 0.0 0.0 0.0 0.0 0.0 0.0 0.0 0.0 0.0 0.0 0.0 0.24 0.17 0.27 0.16 0.22 0.19 0.3 0.2
0.28 0.23 0.28 0.36 0.22 0.38 0.0 0.0 0.0 0.0 0.35 0.38 0.39 0.52 0.0 0.0 0.0 0.0 0.0 0.0 0.0 0.0 0.0 0.0 0.0 0.0 0.0 0.0 0.27 0.2 0.29 0.2 0.24 0.22 0.31 0.23
0.28 0.23 0.28 0.36 0.21 0.36 0.14 0.48 0.18 0.32 0.35 0.38 0.38 0.52 0.0 0.0 0.0 0.0 0.0 0.0 0.0 0.0 0.0 0.0 0.0 0.0 0.0 0.0 0.27 0.22 0.29 0.22 0.25 0.23 0.32 0.25
0.26 0.25 0.26 0.36 0.2 0.36 0.12 0.48 0.17 0.33 0.32 0.38 0.36 0.52 0.0 0.0 0.0 0.0 0.0 0.0 0.0 0.0 0.0 0.0 0.0 0.0 0.0 0.0 0.24 0.22 0.27 0.22 0.23 0.25 0.29 0.25
0.24 0.23 0.24 0.36 0.2 0.36 0.12 0.46 0.17 0.33 0.31 0.38 0.35 0.49 0.0 0.0 0.0 0.0 0.0 0.0 0.0 0.0 0.0 0.0 0.0 0.0 0.0 0.0 0.23 0.22 0.26 0.22 0.21 0.25 0.27 0.25
0.24 0.23 0.24 0.38 0.0 0.0 0.0 0.0 0.0 0.0 0.31 0.38 0.34 0.51 0.0 0.0 0.0 0.0 0.0 0.0 0.0 0.0 0.0 0.0 0.0 0.0 0.0 0.0 0.23 0.22 0.25 0.22 0.21 0.23 0.27 0.25
0.24 0.25 0.24 0.38 0.0 0.0 0.0 0.0 0.0 0.0 0.31 0.38 0.34 0.52 0.0 0.0 0.0 0.0 0.0 0.0 0.0 0.0 0.0 0.0 0.0 0.0 0.0 0.0 0.23 0.23 0.25 0.23 0.21 0.25 0.27 0.26
0.24 0.25 0.24 0.38 0.0 0.0 0.0 0.0 0.0 0.0 0.3 0.38 0.34 0.52 0.0 0.0 0.0 0.0 0.0 0.0 0.0 0.0 0.0 0.0 0.0 0.0 0.0 0.0 0.23 0.23 0.25 0.23 0.21 0.25 0.27 0.26
0.24 0.25 0.24 0.38 0.19 0.38 0.0 0.0 0.0 0.0 0.31 0.38 0.34 0.52 0.0 0.0 0.0 0.0 0.0 0.0 0.0 0.0 0.0 0.0 0.0 0.0 0.0 0.0 0.23 0.23 0.25 0.23 0.21 0.25 0.27 0.26
0.24 0.25 0.24 0.38 0.0 0.0 0.0 0.0 0.0 0.0 0.31 0.38 0.34 0.52 0.0 0.0 0.0 0.0 0.0 0.0 0.0 0.0 0.0 0.0 0.0 0.0 0.0 0.0 0.23 0.23 0.25 0.23 0.21 0.25 0.27 0.26
0.24 0.25 0.24 0.38 0.0 0.0 0.0 0.0 0.0 0.0 0.31 0.38 0.34 0.52 0.0 0.0 0.0 0.0 0.0 0.0 0.0 0.0 0.0 0.0 0.0 0.0 0.0 0.0 0.23 0.23 0.26 0.23 0.21 0.25 0.27 0.26
0.24 0.25 0.24 0.36 0.0 0.0 0.0 0.0 0.0 0.0 0.31 0.38 0.34 0.52 0.0 0.0 0.0 0.0 0.0 0.0 0.0 0.0 0.0 0.0 0.0 0.0 0.0 0.0 0.23 0.23 0.26 0.23 0.21 0.23 0.27 0.26
0.24 0.25 0.24 0.38 0.0 0.0 0.0 0.0 0.0 0.0 0.31 0.38 0.34 0.52 0.0 0.0 0.0 0.0 0.0 0.0 0.0 0.0 0.0 0.0 0.0 0.0 0.0 0.0 0.23 0.23 0.26 0.23 0.21 0.25 0.27 0.26
0.24 0.25 0.24 0.38 0.0 0.0 0.0 0.0 0.0 0.0 0.31 0.38 0.34 0.52 0.0 0.0 0.0 0.0 0.0 0.0 0.0 0.0 0.0 0.0 0.0 0.0 0.0 0.0 0.23 0.23 0.26 0.23 0.21 0.25 0.27 0.25
0.24 0.25 0.24 0.38 0.0 0.0 0.0 0.0 0.0 0.0 0.31 0.38 0.34 0.51 0.0 0.0 0.0 0.0 0.0 0.0 0.0 0.0 0.0 0.0 0.0 0.0 0.0 0.0 0.23 0.22 0.25 0.22 0.21 0.25 0.27 0.25
0.24 0.25 0.24 0.38 0.0 0.0 0.0 0.0 0.0 0.0 0.31 0.38 0.34 0.51 0.0 0.0 0.0 0.0 0.0 0.0 0.0 0.0 0.0 0.0 0.0 0.0 0.0 0.0 0.23 0.22 0.25 0.22 0.21 0.25 0.27 0.25
0.24 0.25 0.24 0.38 0.0 0.0 0.0 0.0 0.0 0.0 0.31 0.38 0.34 0.51 0.0 0.0 0.0 0.0 0.0 0.0 0.0 0.0 0.0 0.0 0.0 0.0 0.0 0.0 0.23 0.22 0.25 0.22 0.21 0.25 0.27 0.25
0.24 0.25 0.24 0.38 0.0 0.0 0.0 0.0 0.0 0.0 0.31 0.38 0.34 0.51 0.0 0.0 0.0 0.0 0.0 0.0 0.0 0.0 0.0 0.0 0.0 0.0 0.0 0.0 0.23 0.22 0.25 0.22 0.21 0.25 0.27 0.23
0.24 0.25 0.24 0.38 0.0 0.0 0.0 0.0 0.0 0.0 0.31 0.38 0.34 0.51 0.0 0.0 0.0 0.0 0.0 0.0 0.0 0.0 0.0 0.0 0.0 0.0 0.0 0.0 0.23 0.22 0.25 0.22 0.21 0.25 0.27 0.25
0.24 0.25 0.24 0.38 0.0 0.0 0.0 0.0 0.0 0.0 0.31 0.38 0.34 0.52 0.0 0.0 0.0 0.0 0.0 0.0 0.0 0.0 0.0 0.0 0.0 0.0 0.0 0.0 0.23 0.22 0.25 0.22 0.21 0.25 0.27 0.25
0.24 0.25 0.24 0.38 0.18 0.38 0.13 0.48 0.0 0.0 0.31 0.38 0.34 0.52 0.0 0.0 0.0 0.0 0.0 0.0 0.0 0.0 0.0 0.0 0.0 0.0 0.0 0.0 0.23 0.22 0.26 0.22 0.21 0.25 0.27 0.25
0.25 0.25 0.24 0.38 0.18 0.38 0.13 0.52 0.0 0.0 0.31 0.38 0.34 0.52 0.0 0.0 0.0 0.0 0.0 0.0 0.0 0.0 0.0 0.0 0.0 0.0 0.0 0.0 0.24 0.22 0.26 0.23 0.21 0.25 0.27 0.25
0.25 0.25 0.24 0.38 0.18 0.38 0.14 0.52 0.0 0.0 0.31 0.38 0.34 0.52 0.0 0.0 0.0 0.0 0.0 0.0 0.0 0.0 0.0 0.0 0.0 0.0 0.0 0.0 0.24 0.22 0.26 0.22 0.21 0.25 0.27 0.25
0.25 0.25 0.24 0.38 0.18 0.38 0.14 0.52 0.0 0.0 0.31 0.38 0.34 0.52 0.0 0.0 0.0 0.0 0.0 0.0 0.0 0.0 0.0 0.0 0.0 0.0 0.0 0.0 0.24 0.22 0.26 0.22 0.21 0.25 0.27 0.25
0.24 0.25 0.24 0.38 0.17 0.38 0.14 0.52 0.0 0.0 0.31 0.38 0.34 0.52 0.0 0.0 0.0 0.0 0.0 0.0 0.0 0.0 0.0 0.0 0.0 0.0 0.0 0.0 0.23 0.22 0.26 0.22 0.21 0.25 0.27 0.25
0.24 0.25 0.24 0.38 0.18 0.38 0.13 0.51 0.14 0.59 0.31 0.38 0.34 0.52 0.0 0.0 0.0 0.0 0.0 0.0 0.0 0.0 0.0 0.0 0.0 0.0 0.0 0.0 0.23 0.23 0.26 0.23 0.21 0.25 0.27 0.25
0.24 0.25 0.24 0.38 0.0 0.0 0.0 0.0 0.0 0.0 0.31 0.38 0.34 0.52 0.0 0.0 0.0 0.0 0.0 0.0 0.0 0.0 0.0 0.0 0.0 0.0 0.0 0.0 0.23 0.23 0.25 0.23 0.21 0.25 0.27 0.26
0.24 0.25 0.24 0.36 0.0 0.0 0.0 0.0 0.0 0.0 0.31 0.38 0.34 0.52 0.0 0.0 0.0 0.0 0.0 0.0 0.0 0.0 0.0 0.0 0.0 0.0 0.0 0.0 0.23 0.22 0.25 0.22 0.21 0.25 0.27 0.25
0.24 0.25 0.24 0.38 0.0 0.0 0.0 0.0 0.0 0.0 0.31 0.38 0.34 0.52 0.0 0.0 0.0 0.0 0.0 0.0 0.0 0.0 0.0 0.0 0.0 0.0 0.0 0.0 0.23 0.22 0.25 0.22 0.21 0.25 0.27 0.25
0.24 0.25 0.24 0.38 0.0 0.0 0.0 0.0 0.0 0.0 0.31 0.38 0.34 0.52 0.0 0.0 0.0 0.0 0.0 0.0 0.0 0.0 0.0 0.0 0.0 0.0 0.0 0.0 0.23 0.22 0.25 0.22 0.21 0.25 0.27 0.26
0.24 0.25 0.24 0.36 0.0 0.0 0.0 0.0 0.0 0.0 0.31 0.38 0.34 0.52 0.0 0.0 0.0 0.0 0.0 0.0 0.0 0.0 0.0 0.0 0.0 0.0 0.0 0.0 0.23 0.22 0.26 0.22 0.21 0.25 0.27 0.25
0.24 0.25 0.24 0.36 0.17 0.36 0.14 0.46 0.21 0.33 0.31 0.38 0.34 0.52 0.0 0.0 0.0 0.0 0.0 0.0 0.0 0.0 0.0 0.0 0.0 0.0 0.0 0.0 0.23 0.22 0.26 0.22 0.21 0.25 0.27 0.25
0.24 0.25 0.24 0.36 0.17 0.36 0.14 0.46 0.21 0.33 0.31 0.38 0.34 0.52 0.0 0.0 0.0 0.0 0.0 0.0 0.0 0.0 0.0 0.0 0.0 0.0 0.0 0.0 0.23 0.22 0.26 0.22 0.21 0.25 0.27 0.25
0.25 0.25 0.24 0.36 0.17 0.36 0.15 0.46 0.21 0.33 0.31 0.38 0.35 0.52 0.0 0.0 0.0 0.0 0.0 0.0 0.0 0.0 0.0 0.0 0.0 0.0 0.0 0.0 0.23 0.22 0.26 0.22 0.21 0.25 0.28 0.25
0.25 0.25 0.24 0.36 0.17 0.36 0.15 0.46 0.21 0.33 0.31 0.38 0.35 0.52 0.0 0.0 0.0 0.0 0.0 0.0 0.0 0.0 0.0 0.0 0.0 0.0 0.0 0.0 0.24 0.22 0.26 0.22 0.21 0.25 0.28 0.25
0.24 0.25 0.24 0.36 0.17 0.36 0.15 0.46 0.21 0.33 0.31 0.38 0.35 0.52 0.0 0.0 0.0 0.0 0.0 0.0 0.0 0.0 0.0 0.0 0.0 0.0 0.0 0.0 0.23 0.22 0.26 0.22 0.21 0.25 0.28 0.25
0.24 0.25 0.24 0.38 0.0 0.0 0.0 0.0 0.0 0.0 0.31 0.38 0.34 0.52 0.0 0.0 0.0 0.0 0.0 0.0 0.0 0.0 0.0 0.0 0.0 0.0 0.0 0.0 0.23 0.22 0.26 0.22 0.21 0.25 0.27 0.25
0.24 0.25 0.24 0.36 0.17 0.36 0.15 0.46 0.21 0.33 0.31 0.38 0.34 0.52 0.0 0.0 0.0 0.0 0.0 0.0 0.0 0.0 0.0 0.0 0.0 0.0 0.0 0.0 0.23 0.22 0.26 0.22 0.21 0.25 0.27 0.25
0.24 0.25 0.24 0.36 0.17 0.36 0.14 0.46 0.21 0.33 0.31 0.38 0.34 0.52 0.0 0.0 0.0 0.0 0.0 0.0 0.0 0.0 0.0 0.0 0.0 0.0 0.0 0.0 0.23 0.22 0.26 0.22 0.21 0.25 0.27 0.25
0.24 0.23 0.24 0.38 0.17 0.36 0.14 0.46 0.21 0.33 0.31 0.38 0.34 0.52 0.0 0.0 0.0 0.0 0.0 0.0 0.0 0.0 0.0 0.0 0.0 0.0 0.0 0.0 0.23 0.22 0.26 0.22 0.21 0.25 0.27 0.25
0.24 0.23 0.24 0.36 0.17 0.36 0.15 0.46 0.21 0.33 0.31 0.38 0.34 0.52 0.0 0.0 0.0 0.0 0.0 0.0 0.0 0.0 0.0 0.0 0.0 0.0 0.0 0.0 0.23 0.22 0.26 0.22 0.21 0.25 0.27 0.25
0.24 0.23 0.24 0.36 0.17 0.36 0.15 0.46 0.21 0.33 0.31 0.38 0.35 0.52 0.0 0.0 0.0 0.0 0.0 0.0 0.0 0.0 0.0 0.0 0.0 0.0 0.0 0.0 0.23 0.22 0.26 0.22 0.21 0.25 0.28 0.25
0.25 0.23 0.24 0.36 0.17 0.36 0.15 0.46 0.21 0.33 0.31 0.38 0.35 0.52 0.0 0.0 0.0 0.0 0.0 0.0 0.0 0.0 0.0 0.0 0.0 0.0 0.0 0.0 0.24 0.22 0.26 0.22 0.21 0.25 0.28 0.25
0.25 0.23 0.24 0.36 0.17 0.36 0.15 0.46 0.22 0.33 0.31 0.38 0.35 0.52 0.0 0.0 0.0 0.0 0.0 0.0 0.0 0.0 0.0 0.0 0.0 0.0 0.0 0.0 0.24 0.22 0.26 0.22 0.21 0.25 0.28 0.25
0.24 0.23 0.24 0.36 0.0 0.0 0.0 0.0 0.0 0.0 0.31 0.38 0.35 0.52 0.0 0.0 0.0 0.0 0.0 0.0 0.0 0.0 0.0 0.0 0.0 0.0 0.0 0.0 0.23 0.22 0.26 0.22 0.21 0.25 0.28 0.25
0.24 0.23 0.24 0.36 0.18 0.36 0.12 0.49 0.17 0.51 0.31 0.36 0.34 0.51 0.0 0.0 0.0 0.0 0.0 0.0 0.0 0.0 0.0 0.0 0.0 0.0 0.0 0.0 0.23 0.22 0.25 0.22 0.21 0.25 0.27 0.23
0.21 0.23 0.21 0.36 0.15 0.38 0.0 0.0 0.0 0.0 0.28 0.36 0.32 0.49 0.0 0.0 0.0 0.0 0.0 0.0 0.0 0.0 0.0 0.0 0.0 0.0 0.0 0.0 0.2 0.22 0.23 0.22 0.18 0.25 0.24 0.25
0.2 0.22 0.2 0.35 0.13 0.36 0.1 0.51 0.0 0.0 0.26 0.35 0.31 0.46 0.28 0.59 0.0 0.0 0.0 0.0 0.0 0.0 0.0 0.0 0.0 0.0 0.0 0.0 0.18 0.2 0.21 0.2 0.16 0.23 0.22 0.23
0.2 0.13 0.2 0.26 0.13 0.26 0.12 0.39 0.12 0.57 0.26 0.25 0.31 0.36 0.27 0.48 0.0 0.0 0.0 0.0 0.0 0.0 0.26 0.51 0.0 0.0 0.0 0.0 0.18 0.12 0.2 0.12 0.16 0.15 0.22 0.13
0.2 0.07 0.2 0.19 0.14 0.2 0.13 0.33 0.13 0.48 0.26 0.19 0.3 0.29 0.27 0.41 0.0 0.0 0.0 0.0 0.0 0.0 0.0 0.0 0.0 0.0 0.0 0.0 0.19 0.06 0.21 0.06 0.17 0.07 0.23 0.07
0.2 0.07 0.21 0.17 0.15 0.19 0.14 0.31 0.14 0.44 0.27 0.15 0.31 0.26 0.29 0.39 0.2 0.41 0.0 0.0 0.0 0.0 0.26 0.41 0.0 0.0 0.0 0.0 0.19 0.04 0.21 0.04 0.18 0.06 0.23 0.07
0.21 0.1 0.23 0.2 0.18 0.23 0.17 0.33 0.18 0.41 0.27 0.16 0.32 0.26 0.31 0.38 0.21 0.42 0.0 0.0 0.0 0.0 0.29 0.42 0.0 0.0 0.0 0.0 0.2 0.09 0.22 0.09 0.19 0.1 0.24 0.1
0.23 0.12 0.24 0.22 0.19 0.23 0.17 0.35 0.0 0.0 0.29 0.19 0.32 0.28 0.31 0.38 0.22 0.42 0.0 0.0 0.0 0.0 0.0 0.0 0.0 0.0 0.0 0.0 0.21 0.1 0.23 0.1 0.2 0.12 0.25 0.1
0.23 0.12 0.24 0.22 0.2 0.23 0.17 0.36 0.2 0.31 0.29 0.19 0.33 0.28 0.31 0.39 0.22 0.41 0.0 0.0 0.0 0.0 0.29 0.42 0.0 0.0 0.0 0.0 0.22 0.1 0.24 0.1 0.2 0.13 0.25 0.12
0.23 0.12 0.24 0.2 0.19 0.23 0.17 0.33 0.21 0.22 0.29 0.19 0.33 0.28 0.31 0.39 0.22 0.41 0.0 0.0 0.0 0.0 0.29 0.42 0.0 0.0 0.0 0.0 0.22 0.1 0.24 0.1 0.21 0.13 0.26 0.12
0.23 0.12 0.24 0.22 0.19 0.22 0.17 0.32 0.21 0.2 0.29 0.19 0.33 0.28 0.31 0.39 0.22 0.41 0.0 0.0 0.0 0.0 0.0 0.0 0.0 0.0 0.0 0.0 0.22 0.1 0.24 0.1 0.21 0.12 0.26 0.12
0.23 0.12 0.24 0.22 0.19 0.22 0.18 0.31 0.21 0.2 0.29 0.19 0.33 0.28 0.31 0.38 0.22 0.41 0.0 0.0 0.0 0.0 0.0 0.0 0.0 0.0 0.0 0.0 0.22 0.1 0.24 0.1 0.21 0.12 0.26 0.12
0.23 0.12 0.24 0.2 0.19 0.22 0.18 0.31 0.21 0.2 0.29 0.19 0.33 0.28 0.31 0.38 0.22 0.41 0.0 0.0 0.0 0.0 0.0 0.0 0.0 0.0 0.0 0.0 0.22 0.1 0.24 0.1 0.21 0.12 0.26 0.12
0.23 0.12 0.23 0.2 0.19 0.22 0.18 0.32 0.21 0.2 0.29 0.19 0.33 0.28 0.31 0.38 0.22 0.39 0.0 0.0 0.0 0.0 0.0 0.0 0.0 0.0 0.0 0.0 0.22 0.1 0.24 0.1 0.21 0.12 0.25 0.12
0.23 0.12 0.24 0.2 0.19 0.22 0.18 0.32 0.21 0.2 0.29 0.19 0.32 0.26 0.31 0.38 0.21 0.39 0.0 0.0 0.0 0.0 0.0 0.0 0.0 0.0 0.0 0.0 0.21 0.1 0.24 0.1 0.2 0.13 0.25 0.12
0.23 0.12 0.24 0.22 0.19 0.22 0.18 0.32 0.21 0.2 0.29 0.19 0.33 0.26 0.31 0.38 0.21 0.39 0.0 0.0 0.0 0.0 0.0 0.0 0.0 0.0 0.0 0.0 0.21 0.1 0.23 0.1 0.2 0.13 0.25 0.12
0.23 0.12 0.24 0.2 0.19 0.22 0.18 0.32 0.21 0.2 0.29 0.19 0.32 0.26 0.31 0.38 0.21 0.39 0.0 0.0 0.0 0.0 0.0 0.0 0.0 0.0 0.0 0.0 0.21 0.1 0.23 0.1 0.2 0.13 0.25 0.12
0.23 0.12 0.24 0.22 0.19 0.22 0.18 0.31 0.21 0.2 0.29 0.19 0.32 0.26 0.31 0.38 0.21 0.39 0.0 0.0 0.0 0.0 0.0 0.0 0.0 0.0 0.0 0.0 0.21 0.1 0.23 0.1 0.2 0.13 0.25 0.12
0.23 0.12 0.24 0.2 0.19 0.22 0.18 0.31 0.21 0.2 0.29 0.19 0.32 0.26 0.31 0.38 0.21 0.41 0.0 0.0 0.0 0.0 0.0 0.0 0.0 0.0 0.0 0.0 0.21 0.1 0.23 0.1 0.21 0.13 0.25 0.12
0.23 0.12 0.24 0.2 0.19 0.22 0.18 0.31 0.21 0.2 0.29 0.19 0.32 0.26 0.31 0.38 0.21 0.39 0.0 0.0 0.0 0.0 0.0 0.0 0.0 0.0 0.0 0.0 0.21 0.1 0.23 0.1 0.2 0.13 0.25 0.12
0.23 0.12 0.24 0.2 0.19 0.22 0.18 0.31 0.21 0.2 0.29 0.19 0.32 0.26 0.31 0.38 0.21 0.39 0.0 0.0 0.0 0.0 0.0 0.0 0.0 0.0 0.0 0.0 0.21 0.1 0.23 0.1 0.2 0.13 0.25 0.12
0.23 0.12 0.24 0.2 0.19 0.22 0.18 0.31 0.21 0.2 0.29 0.19 0.32 0.26 0.31 0.38 0.21 0.39 0.0 0.0 0.0 0.0 0.0 0.0 0.0 0.0 0.0 0.0 0.21 0.1 0.23 0.1 0.2 0.13 0.25 0.12
0.23 0.12 0.24 0.22 0.19 0.22 0.17 0.31 0.21 0.2 0.29 0.19 0.32 0.26 0.31 0.38 0.21 0.39 0.0 0.0 0.0 0.0 0.0 0.0 0.0 0.0 0.0 0.0 0.21 0.1 0.23 0.1 0.2 0.12 0.25 0.12
0.22 0.12 0.24 0.2 0.19 0.2 0.17 0.31 0.21 0.19 0.29 0.19 0.32 0.26 0.31 0.38 0.21 0.39 0.0 0.0 0.0 0.0 0.0 0.0 0.0 0.0 0.0 0.0 0.21 0.1 0.23 0.1 0.2 0.12 0.25 0.12
0.22 0.12 0.24 0.22 0.19 0.2 0.17 0.31 0.21 0.19 0.29 0.19 0.32 0.26 0.31 0.38 0.21 0.39 0.0 0.0 0.0 0.0 0.0 0.0 0.0 0.0 0.0 0.0 0.21 0.1 0.23 0.1 0.2 0.13 0.24 0.12
0.22 0.12 0.24 0.2 0.19 0.19 0.17 0.29 0.21 0.19 0.28 0.17 0.32 0.25 0.31 0.36 0.21 0.38 0.0 0.0 0.0 0.0 0.0 0.0 0.0 0.0 0.0 0.0 0.21 0.1 0.23 0.1 0.2 0.12 0.24 0.12
0.22 0.12 0.23 0.2 0.18 0.19 0.17 0.29 0.21 0.19 0.27 0.17 0.32 0.23 0.31 0.35 0.21 0.38 0.0 0.0 0.0 0.0 0.0 0.0 0.0 0.0 0.0 0.0 0.21 0.1 0.23 0.09 0.2 0.12 0.24 0.1
0.22 0.12 0.23 0.2 0.18 0.2 0.17 0.29 0.21 0.19 0.27 0.17 0.32 0.25 0.31 0.35 0.22 0.38 0.0 0.0 0.0 0.0 0.0 0.0 0.0 0.0 0.0 0.0 0.21 0.1 0.23 0.1 0.2 0.12 0.24 0.12
0.22 0.1 0.24 0.2 0.2 0.19 0.17 0.29 0.21 0.19 0.28 0.17 0.32 0.23 0.31 0.35 0.21 0.38 0.0 0.0 0.0 0.0 0.0 0.0 0.0 0.0 0.0 0.0 0.21 0.1 0.23 0.09 0.2 0.12 0.24 0.1
0.22 0.12 0.23 0.2 0.18 0.2 0.17 0.29 0.21 0.19 0.27 0.17 0.32 0.23 0.31 0.35 0.21 0.38 0.0 0.0 0.0 0.0 0.0 0.0 0.0 0.0 0.0 0.0 0.21 0.1 0.23 0.09 0.2 0.12 0.24 0.1
0.22 0.12 0.23 0.2 0.18 0.2 0.17 0.31 0.21 0.19 0.27 0.17 0.32 0.25 0.31 0.35 0.21 0.38 0.0 0.0 0.0 0.0 0.0 0.0 0.0 0.0 0.0 0.0 0.21 0.1 0.23 0.1 0.2 0.12 0.24 0.12
0.22 0.12 0.23 0.2 0.18 0.22 0.17 0.31 0.21 0.19 0.27 0.17 0.32 0.23 0.31 0.35 0.21 0.38 0.0 0.0 0.0 0.0 0.0 0.0 0.0 0.0 0.0 0.0 0.21 0.1 0.23 0.1 0.2 0.12 0.24 0.1
0.22 0.12 0.23 0.2 0.18 0.22 0.17 0.31 0.21 0.19 0.27 0.17 0.32 0.23 0.31 0.35 0.21 0.38 0.0 0.0 0.0 0.0 0.0 0.0 0.0 0.0 0.0 0.0 0.21 0.1 0.23 0.1 0.2 0.12 0.24 0.1
0.21 0.12 0.23 0.2 0.0 0.0 0.0 0.0 0.0 0.0 0.28 0.17 0.32 0.23 0.31 0.35 0.21 0.38 0.0 0.0 0.0 0.0 0.0 0.0 0.0 0.0 0.0 0.0 0.21 0.1 0.23 0.09 0.2 0.12 0.24 0.12
0.22 0.07 0.24 0.17 0.19 0.2 0.17 0.31 0.21 0.2 0.29 0.15 0.32 0.23 0.31 0.36 0.21 0.39 0.0 0.0 0.0 0.0 0.27 0.39 0.0 0.0 0.0 0.0 0.21 0.07 0.23 0.06 0.2 0.09 0.25 0.07
0.24 0.04 0.25 0.16 0.2 0.17 0.18 0.31 0.17 0.44 0.31 0.15 0.34 0.25 0.31 0.36 0.23 0.39 0.0 0.0 0.0 0.0 0.29 0.39 0.0 0.0 0.0 0.0 0.23 0.03 0.24 0.03 0.21 0.06 0.26 0.04
0.24 0.0 0.25 0.13 0.19 0.15 0.17 0.28 0.15 0.42 0.31 0.13 0.35 0.25 0.32 0.35 0.22 0.38 0.0 0.0 0.0 0.0 0.29 0.41 0.0 0.0 0.0 0.0 0.0 0.0 0.0 0.0 0.21 0.02 0.27 0.0



0.31 0.25 0.0 0.0 0.0 0.0 0.0 0.0 0.0 0.0 0.0 0.0 0.0 0.0 0.0 0.0 0.0 0.0 0.0 0.0 0.0 0.0 0.0 0.0 0.0 0.0 0.0 0.0 0.29 0.2 0.33 0.22 0.22 0.19 0.34 0.25
0.31 0.32 0.26 0.48 0.0 0.0 0.0 0.0 0.0 0.0 0.32 0.54 0.0 0.0 0.0 0.0 0.0 0.0 0.0 0.0 0.0 0.0 0.0 0.0 0.0 0.0 0.0 0.0 0.29 0.28 0.32 0.29 0.23 0.26 0.34 0.33
0.31 0.36 0.26 0.49 0.18 0.44 0.0 0.0 0.0 0.0 0.33 0.55 0.0 0.0 0.0 0.0 0.0 0.0 0.0 0.0 0.0 0.0 0.0 0.0 0.0 0.0 0.0 0.0 0.29 0.32 0.32 0.33 0.24 0.31 0.34 0.38
0.27 0.41 0.24 0.52 0.17 0.51 0.0 0.0 0.0 0.0 0.32 0.54 0.0 0.0 0.0 0.0 0.0 0.0 0.0 0.0 0.0 0.0 0.0 0.0 0.0 0.0 0.0 0.0 0.26 0.38 0.29 0.38 0.21 0.38 0.31 0.41
0.24 0.42 0.23 0.54 0.0 0.0 0.0 0.0 0.0 0.0 0.31 0.54 0.0 0.0 0.0 0.0 0.0 0.0 0.0 0.0 0.0 0.0 0.0 0.0 0.0 0.0 0.0 0.0 0.22 0.39 0.26 0.39 0.18 0.42 0.27 0.42